export const multiplier5x5Table: number[][] = [
  [1.02, 1.07, 1.11, 1.17, 1.23, 1.29, 1.36, 1.44, 1.53, 1.63, 1.75, 1.88, 2.04, 2.23, 2.45, 2.72, 3.06, 3.5, 4.08, 4.9, 6.13, 8.17, 12.25, 24.5],
  [1.07, 1.16, 1.27, 1.4, 1.55, 1.72, 1.92, 2.16, 2.45, 2.8, 3.23, 3.77, 4.45, 5.35, 6.53, 8.17, 10.5, 14, 19.6, 29.4, 49, 98, 294, 0],
  [1.11, 1.27, 1.46, 1.69, 1.98, 2.33, 2.76, 3.31, 4.03, 4.95, 6.19, 7.88, 10.25, 13.66, 18.78, 26.83, 40.25, 64.4, 112.7, 225.4, 563.5, 2254, 0, 0],
  [1.17, 1.4, 1.69, 2.07, 2.56, 3.2, 4.05, 5.21, 6.81, 9.08, 12.38, 17.34, 25.04, 37.57, 59.03, 98.39, 177.1, 354.2, 826.47, 2479.4, 12397, 0, 0, 0],
  [1.23, 1.55, 1.98, 2.56, 3.36, 4.48, 6.08, 8.41, 11.92, 17.34, 26.01, 40.46, 65.74, 112.7, 206.62, 413.23, 929.78, 2479.4, 8677.9, 52067.4, 0, 0, 0, 0],
  [1.29, 1.72, 2.33, 3.2, 4.48, 6.4, 9.35, 14.02, 21.67, 34.68, 57.79, 101.14, 187.83, 375.67, 826.47, 2066.17, 6198.5, 24794, 173558, 0, 0, 0, 0, 0],
  [1.36, 1.92, 2.76, 4.05, 6.08, 9.35, 14.8, 24.22, 41.18, 73.21, 137.26, 274.53, 594.81, 1427.53, 3925.72, 13085.72, 58885.75, 471086, 0, 0, 0, 0, 0, 0],
  [1.44, 2.16, 3.31, 5.21, 8.41, 14.02, 24.22, 43.6, 82.36, 164.72, 352.96, 823.58, 2141.3, 6423.9, 23554.3, 117771.5, 1059943.5, 0, 0, 0, 0, 0, 0, 0],
  [1.53, 2.45, 4.03, 6.81, 11.92, 21.67, 41.18, 82.36, 175.01, 400.02, 1000.06, 2800.16, 9100.53, 36402.1, 200211.55, 2002115.5, 0, 0, 0, 0, 0, 0, 0, 0],
  [1.63, 2.8, 4.95, 9.08, 17.34, 34.68, 73.21, 164.72, 400.02, 1066.73, 3200.18, 11200.65, 48536.13, 291216.8, 3203384.8, 0, 0, 0, 0, 0, 0, 0, 0, 0],
  [1.75, 3.23, 6.19, 12.38, 26.01, 57.79, 137.26, 352.96, 1000.06, 3200.18, 12000.69, 56003.23, 364021, 4368252, 0, 0, 0, 0, 0, 0, 0, 0, 0, 0],
  [1.88, 3.77, 7.88, 17.34, 40.46, 101.14, 274.53, 823.58, 2800.16, 11200.65, 56003.23, 392022.62, 5096294, 0, 0, 0, 0, 0, 0, 0, 0, 0, 0, 0],
  [2.04, 4.45, 10.25, 25.04, 65.74, 187.83, 594.81, 2141.3, 9100.53, 48536.13, 364021, 5096294, 0, 0, 0, 0, 0, 0, 0, 0, 0, 0, 0, 0],
  [2.23, 5.35, 13.66, 37.57, 112.7, 375.67, 1427.53, 6423.9, 36402.1, 291216.8, 4368252, 0, 0, 0, 0, 0, 0, 0, 0, 0, 0, 0, 0, 0],
  [2.45, 6.53, 18.78, 59.03, 206.62, 826.47, 3925.72, 23554.3, 200211.55, 3203384.8, 0, 0, 0, 0, 0, 0, 0, 0, 0, 0, 0, 0, 0, 0],
  [2.72, 8.17, 26.83, 98.39, 413.23, 2066.17, 13085.72, 117771.5, 2002115.5, 0, 0, 0, 0, 0, 0, 0, 0, 0, 0, 0, 0, 0, 0, 0],
  [3.06, 10.5, 40.25, 177.1, 929.78, 6198.5, 58885.75, 1059943.5, 0, 0, 0, 0, 0, 0, 0, 0, 0, 0, 0, 0, 0, 0, 0, 0],
  [3.5, 14, 64.4, 354.2, 2479.4, 24794, 471086, 0, 0, 0, 0, 0, 0, 0, 0, 0, 0, 0, 0, 0, 0, 0, 0, 0],
  [4.08, 19.6, 112.7, 826.47, 8677.9, 173558, 0, 0, 0, 0, 0, 0, 0, 0, 0, 0, 0, 0, 0, 0, 0, 0, 0, 0],
  [4.9, 29.4, 225.4, 2479.4, 52067.4, 0, 0, 0, 0, 0, 0, 0, 0, 0, 0, 0, 0, 0, 0, 0, 0, 0, 0, 0],
  [6.13, 49, 563.5, 12397, 0, 0, 0, 0, 0, 0, 0, 0, 0, 0, 0, 0, 0, 0, 0, 0, 0, 0, 0, 0],
  [8.17, 98, 2254, 0, 0, 0, 0, 0, 0, 0, 0, 0, 0, 0, 0, 0, 0, 0, 0, 0, 0, 0, 0, 0],
  [12.25, 294, 0, 0, 0, 0, 0, 0, 0, 0, 0, 0, 0, 0, 0, 0, 0, 0, 0, 0, 0, 0, 0, 0],
  [24.5, 0, 0, 0, 0, 0, 0, 0, 0, 0, 0, 0, 0, 0, 0, 0, 0, 0, 0, 0, 0, 0, 0, 0],
];